6.374609375000000000e+01
9.645703125000000000e+01
6.481640625000000000e+01
1.258476562500000000e+02
6.481640625000000000e+01
1.487070312500000000e+02
6.695703125000000000e+01
1.731992187500000000e+02
7.551953125000000000e+01
1.944257812500000000e+02
8.836328125000000000e+01
2.074882812500000000e+02
1.012070312500000000e+02
2.172851562500000000e+02
1.183320312500000000e+02
2.189179687500000000e+02
1.322460937500000000e+02
2.189179687500000000e+02
1.493710937500000000e+02
2.189179687500000000e+02
1.643554687500000000e+02
2.156523437500000000e+02
1.761289062500000000e+02
2.025898437500000000e+02
1.857617187500000000e+02
1.878945312500000000e+02
1.932539062500000000e+02
1.683007812500000000e+02
1.932539062500000000e+02
1.421757812500000000e+02
1.932539062500000000e+02
1.209492187500000000e+02
1.932539062500000000e+02
9.808984375000000000e+01
7.123828125000000000e+01
7.849609375000000000e+01
8.247656250000000000e+01
7.114843750000000000e+01
9.532031250000000000e+01
7.278125000000000000e+01
1.070937500000000000e+02
7.604687500000000000e+01
1.172617187500000000e+02
8.012890625000000000e+01
1.440195312500000000e+02
7.931250000000000000e+01
1.557929687500000000e+02
7.604687500000000000e+01
1.675664062500000000e+02
7.441406250000000000e+01
1.788046875000000000e+02
7.359765625000000000e+01
1.889726562500000000e+02
8.012890625000000000e+01
1.322460937500000000e+02
9.482421875000000000e+01
1.322460937500000000e+02
1.062539062500000000e+02
1.333164062500000000e+02
1.193164062500000000e+02
1.333164062500000000e+02
1.323789062500000000e+02
1.183320312500000000e+02
1.487070312500000000e+02
1.258242187500000000e+02
1.487070312500000000e+02
1.333164062500000000e+02
1.487070312500000000e+02
1.397382812500000000e+02
1.487070312500000000e+02
1.472304687500000000e+02
1.487070312500000000e+02
8.408203125000000000e+01
9.319140625000000000e+01
9.050390625000000000e+01
8.829296875000000000e+01
1.054882812500000000e+02
8.992578125000000000e+01
1.119101562500000000e+02
9.645703125000000000e+01
1.054882812500000000e+02
9.645703125000000000e+01
9.050390625000000000e+01
9.645703125000000000e+01
1.504414062500000000e+02
9.808984375000000000e+01
1.568632812500000000e+02
8.992578125000000000e+01
1.707773437500000000e+02
9.155859375000000000e+01
1.771992187500000000e+02
9.645703125000000000e+01
1.707773437500000000e+02
9.808984375000000000e+01
1.579335937500000000e+02
9.808984375000000000e+01
1.044179687500000000e+02
1.748320312500000000e+02
1.161914062500000000e+02
1.683007812500000000e+02
1.279648437500000000e+02
1.634023437500000000e+02
1.322460937500000000e+02
1.650351562500000000e+02
1.375976562500000000e+02
1.634023437500000000e+02
1.493710937500000000e+02
1.683007812500000000e+02
1.611445312500000000e+02
1.748320312500000000e+02
1.515117187500000000e+02
1.813632812500000000e+02
1.429492187500000000e+02
1.862617187500000000e+02
1.333164062500000000e+02
1.862617187500000000e+02
1.236835937500000000e+02
1.846289062500000000e+02
1.140507812500000000e+02
1.813632812500000000e+02
1.065585937500000000e+02
1.748320312500000000e+02
1.194023437500000000e+02
1.731992187500000000e+02
1.333164062500000000e+02
1.731992187500000000e+02
1.450898437500000000e+02
1.731992187500000000e+02
1.590039062500000000e+02
1.748320312500000000e+02
1.461601562500000000e+02
1.748320312500000000e+02
1.333164062500000000e+02
1.731992187500000000e+02
1.194023437500000000e+02
1.748320312500000000e+02
