8.084375000000000000e+01
1.148320312500000000e+02
7.978125000000000000e+01
1.314257812500000000e+02
7.978125000000000000e+01
1.494023437500000000e+02
8.403125000000000000e+01
1.659960937500000000e+02
8.934375000000000000e+01
1.798242187500000000e+02
9.571875000000000000e+01
1.922695312500000000e+02
1.031562500000000000e+02
2.033320312500000000e+02
1.116562500000000000e+02
2.143945312500000000e+02
1.233437500000000000e+02
2.185429687500000000e+02
1.403437500000000000e+02
2.185429687500000000e+02
1.573437500000000000e+02
2.171601562500000000e+02
1.732812500000000000e+02
2.088632812500000000e+02
1.870937500000000000e+02
2.019492187500000000e+02
1.998437500000000000e+02
1.908867187500000000e+02
2.062187500000000000e+02
1.729101562500000000e+02
2.072812500000000000e+02
1.521679687500000000e+02
2.072812500000000000e+02
1.134492187500000000e+02
8.084375000000000000e+01
1.037695312500000000e+02
8.721875000000000000e+01
9.823828125000000000e+01
9.465625000000000000e+01
9.754687500000000000e+01
1.031562500000000000e+02
9.892968750000000000e+01
1.105937500000000000e+02
1.016953125000000000e+02
1.360937500000000000e+02
1.010039062500000000e+02
1.467187500000000000e+02
9.892968750000000000e+01
1.594687500000000000e+02
9.892968750000000000e+01
1.716875000000000000e+02
1.003125000000000000e+02
1.828437500000000000e+02
1.093007812500000000e+02
1.212187500000000000e+02
1.203632812500000000e+02
1.190937500000000000e+02
1.328085937500000000e+02
1.169687500000000000e+02
1.438710937500000000e+02
1.159062500000000000e+02
1.563164062500000000e+02
1.063437500000000000e+02
1.632304687500000000e+02
1.116562500000000000e+02
1.646132812500000000e+02
1.180312500000000000e+02
1.659960937500000000e+02
1.254687500000000000e+02
1.659960937500000000e+02
1.329062500000000000e+02
1.659960937500000000e+02
8.615625000000000000e+01
1.189804687500000000e+02
9.040625000000000000e+01
1.148320312500000000e+02
1.042187500000000000e+02
1.162148437500000000e+02
1.084687500000000000e+02
1.231289062500000000e+02
1.020937500000000000e+02
1.245117187500000000e+02
9.040625000000000000e+01
1.231289062500000000e+02
1.445937500000000000e+02
1.231289062500000000e+02
1.509687500000000000e+02
1.175976562500000000e+02
1.669062500000000000e+02
1.162148437500000000e+02
1.732812500000000000e+02
1.217460937500000000e+02
1.669062500000000000e+02
1.258945312500000000e+02
1.520312500000000000e+02
1.258945312500000000e+02
1.052812500000000000e+02
1.881210937500000000e+02
1.084687500000000000e+02
1.812070312500000000e+02
1.137812500000000000e+02
1.770585937500000000e+02
1.180312500000000000e+02
1.784414062500000000e+02
1.222812500000000000e+02
1.784414062500000000e+02
1.329062500000000000e+02
1.825898437500000000e+02
1.445937500000000000e+02
1.895039062500000000e+02
1.360937500000000000e+02
1.950351562500000000e+02
1.286562500000000000e+02
1.978007812500000000e+02
1.201562500000000000e+02
1.978007812500000000e+02
1.137812500000000000e+02
1.964179687500000000e+02
1.095312500000000000e+02
1.936523437500000000e+02
1.063437500000000000e+02
1.881210937500000000e+02
1.116562500000000000e+02
1.853554687500000000e+02
1.180312500000000000e+02
1.853554687500000000e+02
1.307812500000000000e+02
1.881210937500000000e+02
1.424687500000000000e+02
1.908867187500000000e+02
1.307812500000000000e+02
1.881210937500000000e+02
1.190937500000000000e+02
1.881210937500000000e+02
1.127187500000000000e+02
1.881210937500000000e+02
